sim.observed <- list(
  lc.incidence = c(1.6,11.8,39.6,91.9,170.4,258.3,340.2,407.8,432.7),
  lc.mortality = c(1,5.8,28.3,64.9,121.7,187.4,255.8,328.1,400.6),
  tot.mortality = c( 0.703794,
                     1.154704,
                     2.179599,
                     3.976368,
                     6.479547,
                     9.839768,
                     14.806531,
                     22.589549,
                     38.978694#,
                     # 67.599756
  )*100 # taxes x1000
)
