Logfile "results/logs/exec_20220507_195329.log" initialized
sol1

[[1]]
          [,1]         [,2]       [,3]       [,4]       [,5]         [,6]
[1,] 0.9999636 5.419303e-07 0.00000000 0.00000000 0.00000000 3.581164e-05
[2,] 0.0000000 4.909333e-01 0.03626758 0.43911490 0.03343867 2.455345e-04
[3,] 0.0000000 0.000000e+00 0.89075483 0.07807628 0.03051468 6.542057e-04
[4,] 0.0000000 0.000000e+00 0.00000000 0.93273811 0.03798073 2.928116e-02
[5,] 0.0000000 0.000000e+00 0.00000000 0.00000000 1.00000000 0.000000e+00
[6,] 0.0000000 0.000000e+00 0.00000000 0.00000000 0.00000000 1.000000e+00

[[2]]
          [,1]         [,2]       [,3]       [,4]       [,5]         [,6]
[1,] 0.9999389 7.743874e-06 0.00000000 0.00000000 0.00000000 5.340267e-05
[2,] 0.0000000 4.779099e-01 0.01191171 0.47920587 0.03093990 3.264409e-05
[3,] 0.0000000 0.000000e+00 0.92297019 0.04996193 0.02673781 3.300740e-04
[4,] 0.0000000 0.000000e+00 0.00000000 0.97015984 0.02924382 5.963372e-04
[5,] 0.0000000 0.000000e+00 0.00000000 0.00000000 1.00000000 0.000000e+00
[6,] 0.0000000 0.000000e+00 0.00000000 0.00000000 0.00000000 1.000000e+00

[[3]]
          [,1]         [,2]        [,3]       [,4]       [,5]         [,6]
[1,] 0.9998874 1.697215e-05 0.000000000 0.00000000 0.00000000 9.558239e-05
[2,] 0.0000000 5.168852e-01 0.008792121 0.44267659 0.03144946 1.966729e-04
[3,] 0.0000000 0.000000e+00 0.936581101 0.03881889 0.02362824 9.717669e-04
[4,] 0.0000000 0.000000e+00 0.000000000 0.97300768 0.02621804 7.742799e-04
[5,] 0.0000000 0.000000e+00 0.000000000 0.00000000 1.00000000 0.000000e+00
[6,] 0.0000000 0.000000e+00 0.000000000 0.00000000 0.00000000 1.000000e+00

[[4]]
          [,1]         [,2]      [,3]      [,4]       [,5]         [,6]
[1,] 0.9998125 0.0000295038 0.0000000 0.0000000 0.00000000 1.580357e-04
[2,] 0.0000000 0.0053798583 0.2169863 0.7456962 0.03193601 1.678571e-06
[3,] 0.0000000 0.0000000000 0.6772527 0.2822171 0.03996610 5.641354e-04
[4,] 0.0000000 0.0000000000 0.0000000 0.9715106 0.02809449 3.949002e-04
[5,] 0.0000000 0.0000000000 0.0000000 0.0000000 1.00000000 0.000000e+00
[6,] 0.0000000 0.0000000000 0.0000000 0.0000000 0.00000000 1.000000e+00

[[5]]
          [,1]         [,2]       [,3]      [,4]       [,5]         [,6]
[1,] 0.9996976 4.419016e-05 0.00000000 0.0000000 0.00000000 0.0002582568
[2,] 0.0000000 1.649208e-02 0.59069898 0.3621004 0.02535662 0.0053518852
[3,] 0.0000000 0.000000e+00 0.02940058 0.9436132 0.01703993 0.0099463228
[4,] 0.0000000 0.000000e+00 0.00000000 0.9610560 0.03441975 0.0045242953
[5,] 0.0000000 0.000000e+00 0.00000000 0.0000000 1.00000000 0.0000000000
[6,] 0.0000000 0.000000e+00 0.00000000 0.0000000 0.00000000 1.0000000000

[[6]]
          [,1]         [,2]       [,3]      [,4]       [,5]         [,6]
[1,] 0.9996023 5.705917e-05 0.00000000 0.0000000 0.00000000 0.0003406268
[2,] 0.0000000 5.046000e-03 0.01486905 0.9452953 0.02700664 0.0077829865
[3,] 0.0000000 0.000000e+00 0.02612630 0.9433719 0.02856658 0.0019352268
[4,] 0.0000000 0.000000e+00 0.00000000 0.9570527 0.03397424 0.0089730813
[5,] 0.0000000 0.000000e+00 0.00000000 0.0000000 1.00000000 0.0000000000
[6,] 0.0000000 0.000000e+00 0.00000000 0.0000000 0.00000000 1.0000000000

[[7]]
          [,1]         [,2]       [,3]       [,4]         [,5]         [,6]
[1,] 0.9994656 6.501229e-05 0.00000000 0.00000000 0.000000e+00 0.0004693648
[2,] 0.0000000 3.067680e-01 0.57811753 0.06880224 4.480905e-02 0.0015031994
[3,] 0.0000000 0.000000e+00 0.04381141 0.92063193 4.096886e-05 0.0355156942
[4,] 0.0000000 0.000000e+00 0.00000000 0.91485933 3.273117e-02 0.0524094991
[5,] 0.0000000 0.000000e+00 0.00000000 0.00000000 1.000000e+00 0.0000000000
[6,] 0.0000000 0.000000e+00 0.00000000 0.00000000 0.000000e+00 1.0000000000

[[8]]
         [,1]         [,2]      [,3]       [,4]        [,5]         [,6]
[1,] 0.999148 5.922559e-05 0.0000000 0.00000000 0.000000000 0.0007927407
[2,] 0.000000 3.874014e-01 0.2220341 0.35058432 0.039383035 0.0005972404
[3,] 0.000000 0.000000e+00 0.8873018 0.07494829 0.003053411 0.0346965293
[4,] 0.000000 0.000000e+00 0.0000000 0.93767250 0.053809296 0.0085182073
[5,] 0.000000 0.000000e+00 0.0000000 0.00000000 1.000000000 0.0000000000
[6,] 0.000000 0.000000e+00 0.0000000 0.00000000 0.000000000 1.0000000000

[[9]]
         [,1]         [,2]       [,3]      [,4]        [,5]        [,6]
[1,] 0.998325 4.992493e-05 0.00000000 0.0000000 0.000000000 0.001625090
[2,] 0.000000 4.903014e-01 0.01024436 0.4108813 0.024226747 0.064346177
[3,] 0.000000 0.000000e+00 0.33407929 0.6138824 0.007881613 0.044156723
[4,] 0.000000 0.000000e+00 0.00000000 0.9224724 0.070428245 0.007099315
[5,] 0.000000 0.000000e+00 0.00000000 0.0000000 1.000000000 0.000000000
[6,] 0.000000 0.000000e+00 0.00000000 0.0000000 0.000000000 1.000000000



***************************
*** STARTING SIMULATION ***
***************************
